INDEF 12.2054 3.3456 14.3743 4.389 78.8 8.747252603605 -13.289702050953 5.4776199107717
INDEF 10.6184 3.124 15.7273 4.0439 79.5 7.3661240524438 -14.682699441649 5.6361602528838
INDEF 9.5404 2.0947 18.0236 2.5282 83.8 4.0184880256996 -17.603150475784 3.8703036427283
INDEF 12.562 2.3837 17.9281 2.755 89.1 4.4023050128011 -17.919253564893 0.56313522982859
INDEF 11.7407 2.9245 16.5492 3.5182 84. 6.0902667065478 -16.187560274064 3.4407721536813
INDEF 13.9007 4.7121 11.7471 5.506 86.9 13.427598079526 -11.678390788879 1.2686792314142
INDEF 18.0913 5.1581 12.2602 7.5867 107. 17.727526706742 -10.164166447039 -6.8558168351321
INDEF 21.5795 3.8212 10.2541 4.7737 98.5 13.336760927824 -9.8060445981206 -2.9980086973974
INDEF 22.2165 3.3706 8.5018 3.9234 92.6 13.220396958291 -8.4668099801533 -0.77054007032549
INDEF 22.9733 4.7489 12.0427 5.6548 84.9 13.451978785488 -11.852372448091 2.1325784022466
INDEF 26.9595 5.7253 16.5478 8.6506 71.7 14.976100976565 -13.284863015968 9.866209985956
INDEF 27.8159 5.8631 16.0267 8.7847 72.1 15.702746487424 -12.998676507796 9.3749411697176
INDEF 27.6068 5.68 17.2551 8.5398 71.9 14.178262451101 -13.924180882073 10.190959855349
INDEF 26.9218 5.4845 18.2602 8.4814 70.5 13.306223319569 -14.190840685397 11.491516204648
INDEF 17.3066 5.7432 8.5648 6.6536 91.7 22.25523858584 -8.5497244782015 -0.5079472284034
INDEF 14.3335 3.4823 13.524 5.2967 108.7 11.22000383984 -10.743663328121 -8.2141508564177
INDEF 14.3635 3.6351 1.3446 4.2968 85.5 91.547149129853 -1.3280457427642 0.21034178169309
INDEF 8.5046 3.6595 9.1658 4.9695 103. 15.532276402496 -8.2381664695689 -4.0180222572393
INDEF 16.0658 4.327 10.9257 7.9051 120.1 20.727689236388 -5.4297884059988 -9.4809450138729
INDEF 12.9093 4.3017 7.3808 5.9029 103.5 22.911566349176 -6.5763409537295 -3.3508130804776
INDEF 11.0328 4.6607 8.6754 7.1814 109.3 23.714414212601 -6.7800027064222 -5.4124050532926
INDEF 13.4199 4.6409 1.8433 6.1084 11.4 94.934537167037 1.6992703473231 0.71430748050716
INDEF 14.222 3.17 17.1899 4.7494 17.9 7.9151325057156 13.942105942045 10.055363937263
INDEF 10.1994 2.4145 15.5515 2.8457 4.2 5.2421521415941 15.384668686074 2.2718102186883
INDEF 7.6296 2.0332 15.4632 2.3517 178.8 4.3568773882508 15.449636146385 -0.64753160874535
INDEF 7.6047 2.0372 15.5123 2.3554 179. 4.3499199770505 15.502850325968 -0.5413714626982
INDEF 7.0596 2.282 13.1572 2.6711 3.4 5.8159339137506 13.064645783259 1.5578646918023
INDEF 6.6281 2.0924 13.1294 2.4943 5.2 5.4424769578199 12.913703268897 2.3701080656527
INDEF 7.868 1.4554 13.5703 1.8043 8. 3.8090098207114 13.044609592392 3.7404816096434
INDEF 6.5398 1.4669 10.2873 1.7067 177.5 4.7527894520428 10.248153717679 -0.89659727236799
INDEF 7.0167 2.7287 4.4778 3.9729 163.6 25.417669817768 3.763889137133 -2.4256610240041
INDEF 8.1521 2.9083 1.0027 3.3597 90.6 95.989178847113 -1.0024800913202 -0.020998964417042
INDEF 7.9181 2.2728 6.756 4.0258 152.3 17.070857877442 3.8363523415788 -5.5611093058187
INDEF 9.2477 2.4807 4.7085 3.3599 12.8 20.442620624403 4.2462784505785 2.0344757482341
INDEF 8.9755 2.1299 6.8901 2.6533 81.7 11.031984016197 -6.6029383703222 1.968421420257
INDEF 6.2096 1.5089 1.54 2.1928 106.4 40.791633194805 -1.2944725693834 -0.83423064383542
INDEF 6.2322 1.5058 1.5246 2.172 106. 40.812828807556 -1.2929341274001 -0.80791491024994
INDEF 7.0074 1.5609 1.9343 3.0901 40. 45.76584593393 0.33588767006114 1.9049136366515
INDEF 7.6928 2.8123 6.0162 3.2676 87.7 15.559635324624 -5.9968210885685 0.48249276854728
INDEF 7.6356 2.8056 5.988 3.2516 88.3 15.556364669339 -5.9774600896075 0.35512656497286
INDEF 4.4238 3.0068 6.8592 4.4579 72.6 18.618712591847 -5.6324266552899 3.9146385034611
INDEF 3.4811 3.0628 10.143 3.7581 82.6 10.614381641526 -9.806489630615 2.5909863227427
INDEF 5.1299 2.9157 3.5841 3.7467 79.9 29.94757036076 -3.3636528428725 1.2375832750306
INDEF 3.7678 2.216 5.4666 3.6251 67.4 18.997457704972 -3.851953372187 3.8789393883505
INDEF 3.119 2.5125 5.0376 3.8803 70.5 22.066548826822 -3.9149504954356 3.1702644019527
INDEF 2.048 2.8384 6.2007 3.3063 92.7 15.275461120519 -6.1731810739143 -0.58353741839411
INDEF 2.1321 2.9154 6.5543 3.3716 91.1 14.736777327861 -6.5494689330301 -0.25160521710233
INDEF 1.3404 2.5729 6.5175 3.1882 98. 14.013844998849 -6.265023103278 -1.7964664665373
INDEF 4.4277 2.6588 8.3943 4.0811 109.1 13.927896869304 -6.5967185183823 -5.1911055931499
INDEF 4.4366 2.1629 5.1016 3.741 116. 21.007486651247 -3.1408585825214 -4.0201156606001
INDEF 3.9272 2.1777 5.7941 2.8158 100.4 13.922223782814 -5.4164734516062 -2.057525250889
INDEF 3.7418 2.0895 5.7393 2.617 98.6 13.062839422926 -5.4826291037288 -1.6971572116178
INDEF 2.3836 2.5322 6.4713 3.5689 104.8 15.799219679199 -5.6267625373071 -3.1964460012265
INDEF 4.3713 2.7052 2.6528 3.131 91.4 33.812038186068 -2.6496329211394 -0.1295886693138
INDEF 4.1664 2.5692 1.961 3.5554 103.9 51.940205843957 -1.7346632923968 -0.91458420170653
INDEF 1.5671 2.3396 6.7797 3.8995 113.7 16.477496946768 -4.5890160116575 -4.9905174215457
INDEF -0.8041 2.1434 9.7939 2.7732 100.5 8.1118202432126 -9.143393339071 -3.5098198610517
INDEF -0.2068 1.7787 11.8106 2.4716 104.1 5.9951356950536 -10.408722550959 -5.5811080635625
INDEF -0.1776 1.7859 11.7499 2.5012 104.5 6.0982755155363 -10.276694096917 -5.6964645569324
INDEF -0.33 1.7537 11.6577 2.4218 103.8 5.9513869991508 -10.331095465604 -5.4009661886168
INDEF 3.6099 1.4394 9.9694 1.6809 93.1 4.83020594118 -9.9110886202256 -1.0766887767756
INDEF 3.3433 1.6854 10.6618 2.0132 95.4 5.4094010654861 -10.472950209819 -1.9978220998501
INDEF 3.2307 1.7167 10.2615 2.0904 96.8 5.8359470019003 -9.9737778074368 -2.4129107936022
INDEF 5.6074 2.3004 11.0388 2.7579 84.3 7.1573036389825 -10.821017442414 2.1818998489771
INDEF 5.8118 2.1323 4.9682 2.5419 95.2 14.657239444869 -4.8865797812951 -0.89685521743383
INDEF 4.1035 2.7828 10.7694 3.9823 74.4 10.593397233829 -9.2117598633726 5.578840074743
INDEF 4.7199 3.4133 7.2108 4.6552 76.8 18.494716824763 -6.4587983607344 3.2061753500667
INDEF 6.348 3.627 5.8763 4.1884 89.8 20.419118213842 -5.8761567987141 0.04102397988891
INDEF 7.5296 5.5326 16.6234 7.5281 76.9 12.973534655365 -14.915484782444 7.3393283932983
INDEF 10.096 3.8822 18.8826 7.0757 60.1 10.7349594881 -9.4983244442401 16.319755375371
INDEF 9.614 4.1284 16.2217 7.6681 58.5 13.542043188445 -7.364497689625 14.453640533426
INDEF 7.68 3.7217 12.6124 6.7128 61. 15.247504291015 -6.6835537282149 10.695921807963
INDEF 10.3672 2.7127 10.4066 4.5457 66. 12.513670077643 -6.9633745681341 7.7336109408131
INDEF 10.6988 3.077 10.0937 4.8321 69.7 13.714447386984 -7.6638567948461 6.5687197168163
INDEF -6.3179 5.7485 14.3608 10.9526 55.9 21.848990971255 -5.3331392127698 13.333799262671
INDEF 0.4626 2.1618 2.9242 2.5055 88.2 24.545965888106 -2.91842975927 0.18361203720762
INDEF 1.4664 1.6283 3.0927 2.181 77.7 20.202758075468 -2.8119945144499 1.2874316062237
INDEF 0.9382 2.0752 3.9643 2.444 94.1 17.661495749565 -3.9237699121878 -0.56542388188876
INDEF 0.8373 2.0594 3.6012 2.5381 97.6 20.190834996668 -3.4752173998937 -0.94419567012148
INDEF 1.594 2.5616 3.7802 3.0128 86.1 22.832229278874 -3.7452249865502 0.51303200691616
INDEF 0.8914 0.9592 10.7872 1.7903 148.1 4.754554969779 4.7626119352351 -9.6789054853509
INDEF 0.4703 1.2715 9.9591 2.2557 152.2 6.4886453625328 5.6265628838093 -8.2173878407034
INDEF 0.4037 1.1794 9.5806 2.1008 151.9 6.2818099409223 5.3296457738622 -7.9613298063296
INDEF 1.3448 1.4639 11.3082 2.671 150.1 6.7666419854619 5.688250160484 -9.7733923154529
INDEF 2.9923 1.9342 9.8812 3.3871 153.1 9.819991710521 5.835892722886 -7.9737362363553
INDEF 3.5874 1.4698 9.22 2.2862 160.2 7.1035606268981 7.1041320983928 -5.8770491854829
INDEF 3.6203 3.0808 10.0986 4.3993 74.5 12.480017672747 -8.6561897028704 5.2011635032867
INDEF 6.4148 2.8412 2.6257 4.0934 15.9 44.661352728796 2.2315632439756 1.3836278322356
INDEF 6.8236 2.772 2.3787 3.6618 11.6 44.100929171396 2.1863472314864 0.937069620344
INDEF 7.5191 2.4181 1.6644 4.5208 147.9 77.812681038212 0.7243986417953 -1.4984905631218
INDEF 7.7307 2.8284 2.852 4.9685 152.9 49.907815971248 1.6682992890635 -2.3131540117576
INDEF 8.953 3.1368 5.1351 5.9108 147.1 32.975405994041 2.1049957710799 -4.6838280085562
INDEF 3.0164 4.5385 16.4425 5.2677 177.9 9.1779560790634 16.398343291763 -1.2042190562711
INDEF -0.4958 3.9873 16.2071 7.1055 151.9 12.559782653899 9.015938669975 -13.467848391976
INDEF 0.0985 4.3137 12.8647 7.8947 149.8 17.580400330361 6.3544139310462 -11.185791419606
INDEF -1.3152 4.2144 15.5257 7.8611 148.1 14.505240130236 6.8546874186888 -13.930564270053
INDEF 1.3169 4.3189 18.0714 8.2469 145.7 13.073495496198 6.5938343204789 -16.825482070778
INDEF 2.9089 5.7353 13.6442 10.0672 153. 21.137489840372 8.019859539329 -11.038389674651
INDEF 11.6262 4.0489 28.7035 5.246 169.5 5.2358382566586 26.797025771962 -10.286414439774
INDEF 14.5532 5.2126 15.3447 6.5728 171. 12.271137077949 14.593676925594 -4.7417730735853
INDEF 11.6574 5.1125 14.975 5.9678 177. 11.416690325209 14.89296538314 -1.5653137374331
INDEF 15.9677 4.8292 16.581 8.2506 154.8 14.255012589108 10.569127174023 -12.775880078465
INDEF 14.2733 3.5201 6.9442 6.5927 147.7 27.197806850321 2.9786113533781 -6.2729409407013
INDEF 14.8153 3.6706 7.9816 6.9424 146.7 24.917958925529 3.1698756038906 -7.3251503203593
INDEF 16.0186 3.9123 6.8456 7.1911 149.4 30.093770259729 3.2978929514307 -5.9988450089083
INDEF 18.3719 2.9749 8.5536 3.6627 7.6 12.267193150253 8.2543650871184 2.2426613584225
INDEF 18.3409 2.9592 8.6574 3.6159 7.1 11.965248412918 8.3928761721822 2.1237241625071
INDEF 16.5069 4.0426 9.1648 4.7815 175.5 14.946309122949 9.0519661038863 -1.4336905852007
INDEF 12.8984 4.0755 9.7677 5.0142 7.5 14.706256353082 9.4348736934437 2.5280667868479
